0
0
0
0
0
0
0
0
0
0
0
0
0
0
0
0
0
0
0
0
0
0
0
0
0
0
0
0
0
0
0
0
0
0
0
0
0
0
0
0
0
0
0
0
0
0
0
0
0
0
0
0
0
0
0
0
0
0
0
0
0
0
0
0
0
0
0
0
0
0
0
0
0
0
0
0
0
0
0
0
0
0
0
0
0
0
0
0
0
0
0
0
0
0
0
0
0
0
0
0
0
0
0
0
0
0
0
0
0
0
0
0
0
0
0
0
0
0
0
0
0
0
0
0
0
0
0
0
0
0
0
0
0
0
0
0
0
0
0
0
0
0
0
0
0
0
0
0
0
0
0
0
0
4
4
4
1f
22
2b
6
29
3f
3d
1f
0
0
0
0
0
0
0
0
0
0
0
0
7
9
17
26
2a
3f
3f
3f
3f
3f
38
2b
3f
3c
30
10
0
0
0
0
0
0
0
0
0
0
0
c
3b
3f
3f
3f
3f
3f
3f
3f
3f
3e
17
14
14
e
9
0
0
0
0
0
0
0
0
0
0
0
0
4
36
3f
3f
3f
3f
3f
31
2d
3d
3c
0
0
0
0
0
0
0
0
0
0
0
0
0
0
0
0
0
0
14
27
1a
3f
3f
33
2
0
a
26
0
0
0
0
0
0
0
0
0
0
0
0
0
0
0
0
0
0
0
3
0
26
3f
16
0
0
0
0
0
0
0
0
0
0
0
0
0
0
0
0
0
0
0
0
0
0
0
0
0
22
3f
2f
0
0
0
0
0
0
0
0
0
0
0
0
0
0
0
0
0
0
0
0
0
0
0
0
0
2
2f
3f
11
0
0
0
0
0
0
0
0
0
0
0
0
0
0
0
0
0
0
0
0
0
0
0
0
0
8
3c
38
28
1b
0
0
0
0
0
0
0
0
0
0
0
0
0
0
0
0
0
0
0
0
0
0
0
0
14
3c
3f
3f
1d
6
0
0
0
0
0
0
0
0
0
0
0
0
0
0
0
0
0
0
0
0
0
0
0
b
2e
3f
3f
25
6
0
0
0
0
0
0
0
0
0
0
0
0
0
0
0
0
0
0
0
0
0
0
0
4
17
3f
3f
2e
0
0
0
0
0
0
0
0
0
0
0
0
0
0
0
0
0
0
0
0
0
0
0
0
0
3e
3f
3e
10
0
0
0
0
0
0
0
0
0
0
0
0
0
0
0
0
0
0
0
0
0
b
20
2d
3f
3f
33
0
0
0
0
0
0
0
0
0
0
0
0
0
0
0
0
0
0
0
0
9
25
39
3f
3f
3f
3e
2d
0
0
0
0
0
0
0
0
0
0
0
0
0
0
0
0
0
0
6
1c
37
3f
3f
3f
3f
32
13
0
0
0
0
0
0
0
0
0
0
0
0
0
0
0
0
0
5
10
35
3f
3f
3f
3f
31
14
0
0
0
0
0
0
0
0
0
0
0
0
0
0
0
0
0
4
2a
36
3f
3f
3f
3f
30
14
2
0
0
0
0
0
0
0
0
0
0
0
0
0
0
0
0
d
2b
38
3f
3f
3f
3f
3d
21
2
0
0
0
0
0
0
0
0
0
0
0
0
0
0
0
0
0
0
22
3f
3f
3f
35
21
21
4
0
0
0
0
0
0
0
0
0
0
0
0
0
0
0
0
0
0
0
0
0
0
0
0
0
0
0
0
0
0
0
0
0
0
0
0
0
0
0
0
0
0
0
0
0
0
0
0
0
0
0
0
0
0
0
0
0
0
0
0
0
0
0
0
0
0
0
0
0
0
0
0
0
0
0
0
0
0
0
0
0
0
0
0
0
0
0
0
0
0
0
0
0
0
0
0
0
0
0
0